10 124 235 1332106
10 126 237 1332126
10 124 235 1332147
9 124 234 1332167
9 125 236 1332186
7 125 236 1332207
5 124 237 1332226
4 125 237 1332246
5 123 237 1332265
3 123 237 1332285
2 122 239 1332304
2 123 239 1332325
1 122 240 1332344
-1 121 238 1332364
-1 121 235 1332386
-1 121 237 1332406
0 122 237 1332426
-1 123 236 1332447
-2 123 234 1332468
-4 123 237 1332488
-3 122 232 1332508
-3 121 235 1332529
-5 122 235 1332551
-7 121 234 1332571
-4 121 235 1332591
-8 119 237 1332612
1 122 237 1332632
1 121 234 1332651
1 120 231 1332672
1 124 229 1332691
1 125 227 1332711
1 127 226 1332730
2 130 226 1332751
1 130 227 1332770
-9 126 229 1332790
-1 134 220 1332812
2 140 228 1332831
1 140 227 1332851
2 146 222 1332870
3 149 223 1332891
6 153 226 1332910
7 155 223 1332929
11 157 221 1332950
16 158 224 1332971
17 158 220 1332991
18 156 220 1333012
19 155 219 1333033
19 155 218 1333054
18 154 217 1333074
15 152 223 1333095
15 150 219 1333116
15 150 221 1333137
19 150 222 1333157
21 144 223 1333178
17 140 221 1333199
15 136 226 1333220
10 132 226 1333240
7 135 224 1333259
6 132 224 1333280
3 136 230 1333299
2 132 238 1333319
2 130 236 1333338
2 128 228 1333358
2 128 225 1333378
4 127 226 1333398
6 131 227 1333417
4 133 228 1333437
6 133 225 1333456
7 134 226 1333477
12 133 228 1333497
16 133 229 1333518
17 132 230 1333538
17 133 230 1333560
16 133 230 1333580
18 135 236 1333601
16 133 236 1333621
17 132 238 1333643
17 133 238 1333663
17 132 238 1333684
15 130 236 1333704
14 130 235 1333724
14 129 235 1333746
13 129 235 1333766
14 129 233 1333787
17 128 239 1333807
17 128 237 1333829
17 130 239 1333849
14 130 235 1333870
10 128 232 1333890
10 128 232 1333912
9 128 233 1333931
5 127 227 1333951
0 116 224 1333970
3 117 228 1333990
9 119 228 1334010
11 117 224 1334030
13 116 229 1334051
10 117 232 1334072
7 115 234 1334092
5 116 234 1334112
7 124 234 1334131
11 128 241 1334151
10 128 243 1334173
14 135 245 1334194
11 139 244 1334214
15 140 245 1334234
22 137 243 1334255
18 134 245 1334276
8 135 233 1334296
9 136 231 1334316
-6 118 230 1334336
-2 130 231 1334357
3 95 231 1334376
2 134 228 1334395
24 115 218 1334417
19 110 216 1334437
15 100 213 1334457
22 75 209 1334476
18 68 226 1334497
18 47 235 1334516
21 10 245 1334536
12 0 260 1334555
-6 -1 237 1334574
-2 -1 216 1334595
-7 -10 212 1334615
-3 -9 210 1334634
-3 -20 240 1334656
18 -14 241 1334676
42 9 257 1334694
56 9 266 1334713
56 0 297 1334732
54 -13 294 1334752
56 -18 297 1334773
49 -8 289 1334793
48 -16 278 1334814
39 -13 280 1334834
33 -10 273 1334856
46 -23 299 1334876
55 2 297 1334894
56 1 285 1334913
45 -6 276 1334933
40 13 259 1334952
47 23 263 1334973
44 18 268 1334992
44 13 267 1335012
43 10 265 1335031
43 22 267 1335050
46 22 271 1335071
43 16 275 1335090
51 24 290 1335110
61 37 290 1335129
46 40 292 1335150
27 27 306 1335169
21 15 317 1335189
26 40 339 1335208
15 41 344 1335228
-28 10 373 1335249
-43 2 388 1335268
-36 32 398 1335290
-13 41 395 1335310
-3 54 373 1335329
16 68 335 1335350
28 95 294 1335369
18 110 228 1335390
8 119 159 1335409
0 128 105 1335430
-9 130 43 1335449
-26 131 -2 1335469
-53 125 -40 1335491
-77 116 -66 1335513
-100 100 -65 1335536
-123 79 -30 1335558
-131 63 13 1335578
-133 61 62 1335598
-115 50 134 1335620
-85 47 196 1335642
-49 59 304 1335662
4 92 383 1335681
27 127 392 1335702
9 138 375 1335721
-24 121 348 1335743
-52 110 324 1335764
-65 109 286 1335786
-68 118 237 1335808
-65 116 226 1335830
-56 112 232 1335851
-42 111 231 1335873
-36 118 230 1335895
-31 121 223 1335917
-51 107 232 1349276
-50 106 228 1349298
-50 110 229 1349319
-51 109 231 1349341
-51 112 234 1349363
-48 112 234 1349385
-48 112 234 1349406
-49 112 237 1349428
-55 110 242 1349450
-53 110 240 1349472
-51 111 240 1349494
-52 111 238 1349515
-52 112 234 1349537
-49 111 237 1349559
-46 114 238 1349581
-45 114 237 1349602
-47 113 232 1349624
-47 112 232 1349646
-47 112 231 1349668
-48 112 235 1349689
-48 109 240 1349711
-46 111 244 1349733
-36 117 254 1349755
-16 127 272 1349776
8 155 291 1349797
9 157 286 1349816
-5 150 271 1349838
-17 154 243 1349858
-39 140 207 1349880
-68 124 187 1349902
-122 62 182 1349923
-145 46 216 1349945
-148 37 202 1349967
-168 52 171 1349989
-169 33 171 1350010
-158 40 202 1350032
-162 42 121 1350054
-220 -37 204 1350077
-192 15 173 1350099
-167 63 173 1350120
-175 26 60 1350141
-178 54 111 1350163
-60 75 226 1350184
-133 -30 278 1350206
-38 201 183 1350228
-176 106 265 1350251
-267 41 242 1350273
-199 118 272 1350296
-254 -39 232 1350319
-204 -78 257 1350341
-284 -191 314 1350365
-398 -62 251 1350388
-394 104 212 1350410
-157 -46 187 1350433
-196 50 243 1350455
-82 -265 69 1350477
-123 -43 34 1350499
-17 -145 52 1350520
-67 -182 57 1350542
-96 -214 35 1350564
-111 -147 5 1350586
-91 -109 0 1350606
-118 -289 -7 1350629
-166 -216 1 1350651
-203 -146 0 1350673
-215 -100 5 1350694
-240 -133 28 1350718
-230 -169 0 1350739
-239 -156 1 1350761
-255 -120 2 1350783
-247 -93 6 1350803
-228 -92 0 1350824
-233 -94 -3 1350845
-233 -71 -4 1350867
-266 -48 23 1350889
-259 -40 21 1350911
-267 -25 24 1350932
-273 -10 29 1350954
-273 -8 34 1350976
-269 -13 36 1350998
-262 -10 39 1351019
-268 -10 38 1351041
-262 -17 45 1351063
-252 -36 36 1351085
-236 -52 31 1351106
-227 -48 26 1351128
-241 -24 33 1351150
-220 -53 11 1351172
-235 -34 13 1351194
-239 -14 8 1351214
-245 4 1 1351233
-248 10 -7 1351253
-261 20 1 1351272
-270 34 4 1351293
-260 32 -5 1351313
-246 28 -19 1351335
-246 28 -27 1351357
-251 25 -32 1351378
-258 33 -31 1351400
-257 30 -37 1351422
-261 20 -28 1351444
-273 18 -22 1351466
-277 18 -13 1351487
-299 38 12 1351508
-274 3 -1 1351528
-256 3 -15 1351548
-247 4 -12 1351569
-251 19 -6 1351589
-244 17 -17 1351611
-241 24 -12 1351633
-234 26 -24 1351655
-229 37 -11 1351676
-230 44 -16 1351698
-236 49 -10 1351720
-239 54 -12 1351742
-242 52 -11 1351763
-244 51 -14 1351785
-244 54 -18 1351807
-244 56 -17 1351829
-247 59 -18 1351850
-252 63 -12 1351872
-258 58 -16 1351894
-258 50 -7 1351916
-270 67 0 1351935
-266 61 -6 1351955
-271 64 -1 1351976
-270 55 -3 1351997
-272 61 3 1352016
-270 63 3 1352037
-265 63 2 1352056
-262 66 9 1352076
-266 76 27 1352097
-257 69 9 1352116
-244 61 -9 1352137
-246 64 11 1352158
-248 70 16 1352178
-244 55 9 1352197
-241 49 8 1352218
-243 48 10 1352238
-247 52 14 1352258
-243 53 11 1352280
-247 51 12 1352301
-250 45 11 1352321
-251 44 12 1352341
-250 44 11 1352363
-253 49 6 1352382
-252 50 13 1352403
-248 45 11 1352424
-252 49 12 1352445
-254 50 11 1352465
-257 56 12 1352486
-266 57 17 1352506
-273 61 37 1352528
-264 69 40 1352548
-249 59 31 1352568
-239 49 32 1352589
-239 45 27 1352611
-245 47 29 1352631
-251 52 35 1352651
-248 56 27 1352672
-254 46 32 1352694
-269 64 51 1352714
-283 83 76 1352734
-255 49 57 1352755
-240 43 52 1352775
-233 29 38 1352797
-232 18 28 1352817
-251 47 53 1352838
-235 5 13 1352858
-237 9 39 1352877
-262 42 74 1352898
-243 31 34 1352919
-225 19 33 1352940
-219 25 19 1352960
-221 31 8 1352981
-235 52 23 1353001
-232 53 7 1353020
-222 36 -7 1353040
-234 55 5 1353061
-259 89 16 1353081
-268 99 13 1353102
-282 104 25 1353123
-291 109 34 1353145
-287 110 41 1353167
-277 94 34 1353189
-265 67 23 1353209
-268 74 22 1353229
-265 98 41 1353250
-236 97 17 1353272
-207 86 0 1353291
-215 101 16 1353312
-230 113 22 1353334
-245 114 25 1353356
-241 101 23 1353378
-247 104 23 1353399
-255 107 32 1353421
-249 78 17 1353442
-238 71 16 1353463
-232 71 18 1353484
-234 87 23 1353504
-228 71 9 1353523
-217 53 2 1353544
-236 74 11 1353564
-237 68 6 1353584
-246 69 7 1353603
-251 60 8 1353624
-257 48 10 1353644
-260 36 2 1353663
-258 29 8 1353684
-279 55 21 1353704
-285 59 35 1353724
-273 44 19 1353745
-265 45 24 1353767
-264 41 21 1353787
-283 52 42 1353807
-276 48 42 1353828
-273 53 49 1353850
-255 45 44 1353870
-250 55 57 1353890
-232 35 33 1353911
-228 44 37 1353933
-235 52 29 1353953
-253 61 42 1353973
-266 76 39 1353994
-256 47 16 1354016
-263 68 39 1354036
-248 51 26 1354056
-223 20 11 1354077
-223 29 9 1354097
-212 23 -2 1354118
-218 23 1 1354137
-224 23 4 1354157
-225 15 -1 1354177
-227 18 6 1354198
-239 21 3 1354217
-243 16 7 1354237
-242 17 8 1354256
-257 24 21 1354277
-251 3 9 1354296
-256 1 8 1354315
-263 4 21 1354334
-265 3 20 1354354
-266 1 16 1354373
-270 -5 25 1354394
-271 0 22 1354414
-272 1 25 1354433
-268 2 31 1354453
-267 2 34 1354472
-261 1 39 1354493
-233 -25 10 1354515
-234 -1 35 1354535
-229 -5 22 1354555
-234 0 38 1354576
-253 -8 33 1354596
-277 8 49 1354615
-293 33 70 1354637
-326 79 88 1354657
-273 45 65 1354678
-264 69 77 1354698
-286 95 76 1354719
-258 30 43 1354740
-280 50 62 1354761
-286 41 60 1354781
-272 40 70 1354802
-256 46 68 1354823
-247 55 71 1354844
-227 48 61 1354864
-231 84 86 1354885
-217 81 72 1354906
-212 83 74 1354927
-208 65 63 1354947
-238 86 86 1354968
-225 61 60 1354989
-233 60 66 1355010
-231 43 57 1355030
-234 40 50 1355050
-228 36 48 1355071
-215 26 35 1355093
-215 31 26 1355113
-226 32 24 1355133
-240 47 47 1355154
-239 48 26 1355176
-238 60 22 1355196
-229 70 15 1355216
-223 50 3 1355237
-243 53 22 1355257
-254 49 19 1355278
-259 51 10 1355298
-260 54 0 1355318
-269 52 -1 1355339
-281 66 14 1355359
-276 64 13 1355380
-268 60 14 1355401
-264 56 10 1355422
-269 57 6 1355441
-270 55 1 1355461
-267 56 -1 1355482
-270 61 4 1355502
-278 74 20 1355522
-272 73 14 1355543
-261 71 22 1355563
-245 53 15 1355585
-250 68 26 1355605
-250 67 30 1355626
-257 62 35 1355646
-266 59 47 1355667
-261 49 45 1355688
-276 52 57 1355709
-289 45 72 1355729
-301 48 72 1355750
-297 48 78 1355771
-278 54 66 1355792
-257 45 52 1355812
-237 59 47 1355832
-235 68 56 1355854
-244 70 58 1355875
-248 73 54 1355895
-259 74 53 1355915
-266 73 62 1355937
-253 72 57 1355958
-232 79 47 1355978
-213 74 28 1355998
-212 68 22 1356019
-199 54 9 1356039
-205 66 10 1356060
-200 55 -2 1356080
-198 55 -2 1356102
-202 60 -5 1356122
-215 56 5 1356141
-210 45 5 1356162
-205 47 4 1356181
-209 45 2 1356201
-219 47 -1 1356221
-246 39 -1 1356242
-301 37 3 1356262
-377 38 8 1356281
-440 29 23 1356302
-447 6 18 1356322
-497 38 53 1356342
-556 37 66 1356363
-544 22 33 1356385
-524 86 99 1356405
-400 63 170 1356427
-263 43 149 1356449
-180 118 127 1356472
-46 88 33 1356491
13 39 17 1356510
22 29 15 1356527
6 -9 30 1356545
-11 -97 -12 1356567
-30 -131 29 1356589
-129 -8 98 1356610
-109 -24 33 1356632
-83 3 28 1356650
-91 26 13 1356670
-114 28 31 1356691
-120 42 55 1356711
-127 51 67 1356733
-142 37 54 1356753
-236 36 75 1356774
-292 24 57 1356794
-365 -43 -15 1356817
-637 -38 34 1356839
-788 -42 130 1356862
-711 -56 146 1356884
-540 -201 -18 1356908
-459 -210 -79 1356933
-391 -132 -66 1356956
-251 -39 -41 1356979
-155 25 -26 1357001
-98 93 19 1357020
-158 136 83 1357042
-254 175 80 1357063
-233 156 46 1357085
-85 49 59 1357105
-14 -48 0 1357124
-1 -48 -33 1357145
-10 -48 -11 1357167
-77 -32 18 1357188
-133 9 47 1357207
-120 10 54 1357228
-103 14 52 1357250
-101 23 53 1357270
-109 30 57 1357290
-139 33 76 1357311
-162 36 68 1357333
-225 33 68 1357353
-352 12 41 1357373
-613 13 37 1357394
-823 -8 18 1357414
-730 -7 -62 1357436
-606 33 -78 1357458
-561 -62 -124 1357482
-493 -83 -167 1357507
-418 -55 -142 1357530
-241 -49 -88 1357553
-145 -43 -52 1357576
-75 -56 -139 1357598
-123 67 -20 1357620
-90 125 19 1357641
-42 84 47 1357660
48 -21 -22 1357681
82 -49 -8 1357701
85 -85 -8 1357720
39 -44 -9 1357741
-12 -4 -16 1357761
-55 9 41 1357780
-56 13 48 1357799
-83 40 52 1357819
-101 61 54 1357840
-106 71 50 1357860
-147 67 38 1357881
-222 80 26 1357901
-316 9 1 1357920
-372 -19 -17 1357943
-563 -115 -161 1357968
-704 -69 -152 1357992
-742 -88 -213 1358015
-795 -22 -221 1358040
-747 -7 -208 1358063
-552 5 -209 1358085
-295 64 -153 1358106
-95 8 -165 1358128
0 45 -101 1358147
53 50 -40 1358166
20 86 27 1358185
-67 176 66 1358206
-80 132 106 1358227
-16 32 32 1358248
22 -25 28 1358267
19 -21 35 1358287
-8 -22 31 1358306
-38 0 34 1358325
-84 64 21 1358344
-60 -13 -4 1358366
-98 42 38 1358385
-101 60 13 1358406
-66 32 6 1358425
-67 33 2 1358444
-100 51 10 1358464
-186 65 9 1358484
-337 49 28 1358505
-583 40 12 1358525
-761 16 -87 1358547
-937 26 -114 1358570
-862 53 -93 1358592
-699 -40 -160 1358615
-600 -135 -229 1358641
-465 -94 -105 1358664
-331 -43 -52 1358687
-174 -34 -34 1358710
-12 92 2 1358728
-27 116 18 1358750
-1 110 57 1358769
-14 150 22 1358789
49 27 59 1358808
70 2 20 1358826
91 -57 -17 1358846
57 -55 -13 1358867
-20 3 -2 1358886
-72 42 25 1358906
-76 46 27 1358925
-54 -1 -21 1358946
-41 21 9 1358965
-36 22 8 1358984
-43 9 -1 1359001
-99 39 -6 1359022
-167 63 -4 1359042
-292 73 -32 1359064
-450 87 -28 1359086
-659 37 -52 1359107
-863 4 -139 1359129
-947 148 -78 1359152
-802 -58 -151 1359175
-665 -117 -190 1359201
-517 -101 -151 1359226
-368 -62 -8 1359247
-283 -6 84 1359268
-225 47 126 1359290
-143 48 111 1359311
-53 16 48 1359332
-46 80 31 1359351
10 37 9 1359368
59 13 -41 1359389
88 -13 -55 1359409
71 -36 -56 1359430
15 0 -20 1359449
-39 21 19 1359468
-69 7 -1 1359487
-57 -11 1 1359506
-53 4 7 1359524
-37 19 8 1359543
-39 14 11 1359563
-61 -2 23 1359582
-134 -1 33 1359602
-232 20 52 1359623
-365 15 55 1359645
-567 39 38 1359665
-758 -48 -4 1359687
-798 84 4 1359706
-779 126 -2 1359728
-680 31 -86 1359749
-607 -37 -131 1359774
-560 -80 -98 1359797
-482 -70 -41 1359819
-358 -67 -4 1359840
-238 -18 39 1359862
-119 2 104 1359884
-46 30 43 1359903
-20 77 33 1359923
13 93 21 1359941
71 61 -1 1359960
112 31 -29 1359980
110 8 -23 1360001
69 1 -13 1360019
3 19 9 1360036
-10 13 13 1360055
-30 -3 -1 1360076
-21 -2 21 1360095
-20 10 17 1360115
-35 -2 26 1360134
-78 -24 21 1360155
-137 -57 24 1360176
-259 -85 3 1360197
-486 -45 6 1360218
-639 -74 -17 1360240
-866 -59 -49 1360263
-823 9 -89 1360284
-700 -39 -120 1360308
-589 -81 -178 1360331
-476 -8 -136 1360354
-409 5 -39 1360375
-363 -44 47 1360397
-280 -62 97 1360418
-204 -2 92 1360440
-169 102 94 1360462
-83 123 33 1360482
-17 95 15 1360501
34 47 -5 1360520
45 33 -6 1360539
71 -15 -15 1360560
53 -21 -14 1360580
19 5 -10 1360599
0 15 8 1360616
-8 0 43 1360633
-23 -6 15 1360654
-23 13 46 1360673
-6 42 48 1360692
3 46 36 1360709
-4 60 5 1360727
-55 70 1 1360745
-112 56 21 1360767
-250 64 7 1360786
-432 24 -49 1360807
-690 10 -17 1360829
-879 2 28 1360850
-956 35 47 1360870
-896 -10 -65 1360893
-792 -86 -107 1360916
-870 76 -131 1360939
-808 184 -84 1360962
-534 140 -116 1360986
-213 183 -123 1361010
-81 129 -197 1361032
-33 239 3 1361052
27 205 28 1361071
129 80 -23 1361093
187 16 -30 1361113
198 -38 -40 1361135
140 1 -28 1361154
85 32 -5 1361173
44 26 16 1361192
9 1 32 1361209
-42 -14 -19 1361230
-64 -35 30 1361251
-105 13 50 1361271
-139 14 33 1361293
-199 15 53 1361313
-246 4 39 1361332
-335 15 42 1361354
-433 18 3 1361373
-451 18 -48 1361395
-432 -1 -81 1361417
-433 4 -85 1361437
-464 30 -55 1361459
-443 32 -72 1361481
-391 42 -77 1361502
-365 51 -54 1361524
-378 63 -29 1361546
-382 48 12 1361566
-376 38 15 1361588
-326 10 4 1361607
-257 -5 -3 1361627
-201 -21 -19 1361651
-165 -8 -41 1361672
-156 -3 -34 1361694
-152 9 -29 1361714
-147 34 -27 1361736
-135 34 -36 1361758
-175 64 -27 1361780
-205 61 -30 1361802
-247 80 -6 1361823
-236 111 6 1361844
-195 113 -3 1361865
-140 98 -20 1361887
-99 104 -16 1361909
-66 149 -17 1361931
-101 217 5 1361951
-159 297 26 1361973
-236 357 36 1361995
-269 354 48 1362016
-246 349 38 1362038
-204 302 44 1362060
-186 257 49 1362082
-147 185 4 1362102
-167 159 27 1362124
-195 195 45 1362146
-185 202 50 1362167
-159 202 54 1362189
-149 220 62 1362211
-140 222 56 1362233
-127 201 49 1362254
-139 206 53 1362276
-150 223 63 1362298
-146 246 79 1362320
-135 242 84 1362341
-128 239 89 1362363
-129 239 82 1362385
-130 227 66 1362407
-130 228 83 1362428
-134 224 83 1362450
-134 226 87 1362472
-136 231 89 1362494
-157 239 102 1362517
-171 232 92 1362539
-176 193 95 1362560
-177 185 100 1362584
-189 176 104 1362605
-191 162 107 1362628
-214 157 101 1362652
-225 141 102 1362675
-219 146 104 1362696
-205 140 93 1362718
-206 140 99 1362740
-213 131 102 1362763
-216 128 102 1362786
-217 134 98 1362808
-217 126 94 1362830
-225 131 82 1362851
-218 141 80 1362873
-207 139 78 1362895
-197 131 81 1362917
-198 145 82 1362938
-214 144 96 1362960
-213 141 94 1362982
-220 155 92 1363004
-225 152 94 1363026
-218 138 84 1363047
-203 134 93 1363069
-201 126 76 1363091
-196 119 78 1363113
-197 119 74 1363134
-200 122 74 1363156
-207 147 72 1363178
-195 108 72 1363200
-186 96 74 1363220
-195 115 66 1363242
-195 121 71 1363264
-201 115 67 1363285
-214 105 68 1363307
-226 99 54 1363327
-248 118 77 1363349
-250 90 62 1363371
-243 101 55 1363393
-235 94 53 1363413
-235 98 53 1363434
-226 102 46 1363455
-215 107 45 1363477
-215 118 50 1363499
-207 119 44 1363521
-203 120 44 1363542
-201 129 44 1363564
-202 137 44 1363586
-199 144 39 1363608
-201 143 37 1363629
-201 129 32 1363651
-218 125 27 1363673
-233 125 29 1363695
-240 123 26 1363716
-260 139 32 1363738
-261 134 37 1363760
-244 133 36 1363782
-228 134 33 1363803
-218 145 40 1363825
-216 171 39 1363847
-191 142 29 1363869
-190 145 33 1363890
-201 153 26 1363912
-198 173 23 1363934
-193 192 27 1363956
-193 216 26 1363978
-181 216 26 1363999
-189 218 27 1364021
-192 203 24 1364043
-190 183 12 1364065
-195 171 0 1364085
-200 174 -5 1364107
-228 185 23 1364128
-229 184 28 1364150
-196 168 28 1364172
-183 161 14 1364194
-168 157 6 1364214
-164 154 5 1364236
-173 160 10 1364258
-185 166 15 1364279
-193 164 14 1364301
-192 159 11 1364323
-193 164 9 1364343
-198 168 5 1364364
-204 174 5 1364384
-206 177 2 1364406
-202 179 1 1364426
-213 195 4 1364447
-210 197 -7 1364468
-213 193 9 1364489
-223 200 2 1364509
-245 215 17 1364531
-270 239 32 1364553
-270 231 56 1364575
-210 168 13 1364596
-159 137 24 1364618
-170 177 21 1364640
-181 186 25 1364662
-193 191 61 1364683
-191 191 57 1364705
-185 191 79 1364727
-173 204 91 1364749
-155 199 95 1364770
-128 191 88 1364792
-116 180 88 1364814
-119 151 68 1364836
-129 135 59 1364857
-139 125 55 1364879
-150 125 54 1364901
-167 135 42 1364923
-190 148 54 1364944
-208 159 61 1364966
-215 172 60 1364988
-226 192 75 1365010
-221 198 70 1365032
-203 194 67 1365053
-191 182 63 1365075
-188 182 66 1365097
-190 176 55 1365119
-184 161 42 1365140
-180 163 39 1365162
-180 163 44 1365184
-188 171 44 1365206
-205 184 52 1365227
-202 164 49 1365249
-220 173 61 1365271
-219 172 60 1365293
-212 171 56 1365314
-202 162 62 1365336
-184 153 52 1365358
-170 152 42 1365380
-189 167 53 1365401
-174 151 32 1365423
-181 157 37 1365445
-187 157 31 1365467
-207 182 51 1365488
-206 177 40 1365510
-213 164 28 1365532
-231 194 23 1365554
-252 245 60 1365576
-240 287 71 1365597
-187 244 64 1365619
-182 256 90 1365641
-174 253 100 1365664
-162 233 103 1365687
-141 189 66 1365709
-151 184 75 1365731
-160 172 72 1365752
-178 186 97 1365774
-180 198 86 1365796
-168 213 80 1365818
-152 209 84 1365839
-161 248 103 1365862
-139 236 84 1365884
-120 206 77 1365906
-118 185 60 1365928
-127 177 61 1365950
-129 172 53 1365971
-141 162 57 1365993
-152 161 53 1366015
-156 151 43 1366035
-171 151 36 1366057
-185 155 38 1366079
-188 163 37 1366100
-190 171 33 1366122
-196 176 31 1366144
-195 168 18 1366166
-197 173 21 1366188
-211 196 28 1366209
-222 206 30 1366231
-224 201 42 1366253
-204 176 21 1366275
-226 192 53 1366296
-233 198 60 1366318
-248 200 89 1366340
-268 204 100 1366363
-260 195 115 1366386
-238 212 92 1366408
-191 201 97 1366430
-163 197 100 1366453
-177 217 96 1366474
-184 192 110 1366496
-182 168 74 1366518
-189 140 81 1366540
-196 131 80 1366562
-192 133 60 1366583
-180 129 55 1366605
-188 139 53 1366627
-175 143 53 1366649
-148 146 33 1366670
-145 156 39 1366692
-147 170 44 1366714
-148 180 48 1366736
-138 168 41 1366757
-138 162 32 1366779
-156 163 41 1366801
-176 165 36 1366823
-192 168 37 1366844
-203 170 38 1366866
-209 165 34 1366888
-211 176 34 1366910
-208 181 40 1366931
-196 176 38 1366953
-181 176 35 1366975
-169 171 32 1366997
-162 174 31 1367018
-163 175 44 1367040
-167 186 52 1367062
-170 190 63 1367084
-171 191 67 1367106
-174 207 86 1367127
-174 229 112 1367150
-185 258 129 1367174
-194 300 132 1367197
-168 298 125 1367218
-131 248 105 1367242
-104 178 65 167263
-129 141 29 1367285
-144 114 0 1367305
-180 137 30 1367327
-178 132 36 1367349
-155 68 11 1367371
-129 18 14 1367391
-159 33 6 1367410
-269 114 12 1367432
-386 204 43 1367454
-442 293 86 1367475
-418 403 85 1367497
-388 410 142 1367520
-362 400 69 1367542
-281 334 -16 1367565
-192 219 -82 1367588
-149 186 -147 1367611
-127 169 -42 1367635
-164 226 127 1367658
-204 88 173 1367679
-164 -42 106 1367701
-154 -30 38 1367723
-160 48 42 1367745
-127 74 1 1367764
-78 56 0 1367783
-15 20 -20 1367803
29 -4 -36 1367822
37 -22 -26 1367844
0 0 -16 1367862
-35 8 5 1367879
-59 10 25 1367898
-95 4 25 1367917
-110 -3 24 1367938
-150 3 39 1367957
-283 78 70 1367979
-415 159 106 1368000
-717 277 -38 1368024
-867 309 -116 1368048
-808 586 -10 1368071
-576 486 150 1368093
-474 374 131 1368116
-408 262 40 1368138
-281 134 14 1368160
-142 -20 31 1368181
-122 -23 25 1368203
-89 37 50 1368222
-25 26 60 1368242
5 20 -42 1368262
39 -39 -13 1368282
47 -32 5 1368301
35 -28 1 1368319
-18 -24 -17 1368340
-93 17 3 1368359
-126 46 19 1368380
-113 38 24 1368402
-68 0 40 1368419
-34 -34 41 1368440
-17 -69 -4 1368461
-92 -42 -73 1368483
-211 68 62 1368504
-296 231 73 1368525
-418 344 54 1368547
-545 380 -18 1368570
-690 361 -19 1368592
-849 364 85 1368614
-757 256 58 1368636
-648 221 -231 1368660
-585 191 96 1368682
-340 178 215 1368705
-76 -128 22 1368727
-144 -150 93 1368748
-199 32 52 1368770
-84 68 75 1368789
62 63 106 1368810
148 32 75 1368829
138 56 97 1368849
146 30 81 1368868
112 9 92 1368887
68 -32 76 1368906
31 -36 26 1368927
11 -11 -2 1368946
-10 67 46 1368966
10 35 39 1368984
55 -60 30 1369004
47 -123 -7 1369024
-14 -138 -35 1369048
-288 32 58 1369068
-454 110 60 1369090
-485 85 -20 1369112
-462 -7 -24 1369133
-580 23 23 1369154
-696 69 89 1369175
-723 27 115 1369197
-995 84 149 1369218
-964 90 190 1369239
-684 49 163 1369261
-410 -25 252 1369284
-238 147 147 1369307
30 22 81 1369326
119 117 123 1369348
76 236 129 1369369
76 82 -32 1369388
102 -107 -46 1369411
60 -141 -64 1369432
16 -80 -57 1369453
6 -61 -40 1369473
-61 24 12 1369492
-103 32 4 1369513
-121 13 13 1369533
-144 3 24 1369554
-181 -22 34 1369575
-251 -8 48 1369596
-318 19 72 1369616
-371 53 81 1369636
-379 98 85 1369657
-339 145 89 1369679
-301 166 117 1369702
-382 249 142 1369725
-356 279 131 1369748
-270 256 117 1369770
-245 237 129 1369793
-362 273 130 1369816
-360 284 132 1369839
-219 189 64 1369861
-119 184 83 1369883
-66 175 73 1369903
-54 177 71 1369923
-31 167 53 1369944
-35 164 73 1369966
-77 157 102 1369987
-90 162 116 1370009
-73 195 129 1370031
-59 225 152 1370053
-36 255 174 1370074
-17 253 190 1370096
-28 252 167 1370118
0 231 132 1370137
-15 213 115 1370159
-54 229 115 1370180
-86 245 126 1370202
-113 238 134 1370225
-113 235 135 1370248
-99 231 125 1370270
-88 231 121 1370292
-120 233 97 1370314
-38 234 135 1370336
-52 234 149 1370357
-106 188 124 1370379
-3 228 170 1370401
-60 209 170 1370423
-46 207 138 1370444
-35 208 154 1370466
-41 202 165 1370488
-19 193 178 1370510
-13 160 185 1370531
18 135 165 1370552
1 130 159 1370571
-15 146 171 1370593
-22 143 162 1370614
-15 113 152 1370636
-21 119 166 1370658
-40 155 184 1370680
-59 192 192 1370701
-46 128 161 1370723
9 125 128 1370744
65 175 168 1370764
107 308 195 1370786
176 356 224 1370807
214 394 234 1370829
220 380 219 1370851
189 294 183 1370873
137 277 182 1370894
97 265 184 1370915
76 267 208 1370935
77 234 206 1370957
79 207 208 1370977
93 171 207 1370998
89 158 207 1371018
71 164 203 1371040
62 157 197 1371060
55 139 183 1371081
40 174 206 1371101
39 114 167 1371123
40 148 171 1371143
32 164 163 1371164
38 178 171 1371184
45 185 184 1371205
53 182 192 1371226
61 176 181 1371247
78 172 208 1371267
121 167 272 1371289
127 125 279 1371311
101 143 232 1371332
77 86 228 1371353
96 46 256 1371372
91 -52 207 1371392
78 0 145 1371411
122 -17 28 1371432
187 -89 25 1371453
125 32 24 1371472
234 80 42 1371492
51 919 706 1371513
82 581 435 1371534
323 -237 -239 1371557
289 -157 -262 1371581
243 75 243 1371602
66 95 315 1371622
178 121 248 1371644
243 59 130 1371664
404 2 -2 1371683
474 12 32 1371702
508 161 293 1371724
547 90 218 1371744
750 6 357 1371765
643 50 383 1371785
625 67 362 1371806
529 -15 247 1371827
448 -15 176 1371849
331 -33 13 1371870
240 -73 -64 1371891
57 -59 3 1371910
-93 -7 53 1371931
-136 14 74 1371951
-133 50 77 1371972
-102 56 25 1371992
-49 38 -4 1372012
3 33 -3 1372030
17 24 9 1372048
28 17 3 1372065
50 10 -9 1372083
48 9 -42 1372102
47 2 -18 1372121
33 35 -11 1372140
15 -8 -14 1372161
15 23 -4 1372178
64 42 20 1372197
132 33 24 1372218
264 18 37 1372237
323 48 227 1372257
492 87 282 1372279
989 183 476 1372301
1137 20 348 1372322
1016 43 350 1372344
871 52 283 1372365
639 60 209 1372385
447 22 11 1372405
365 -93 -181 1372427
196 -100 -100 1372452
-12 1 123 1372471
-123 -19 72 1372492
-188 -27 112 1372516
-106 61 88 1372536
-26 47 -48 1372558
62 61 -30 1372577
91 67 -13 1372596
98 1 -73 1372615
103 -18 -71 1372637
73 -2 -18 1372657
36 -21 -3 1372676
-5 -13 42 1372696
-27 -20 57 1372717
-24 15 88 1372736
23 48 88 1372755
58 52 68 1372774
141 34 38 1372793
234 5 29 1372812
229 30 58 1372831
448 54 142 1372853
784 291 443 1372875
1081 25 303 1372896
1046 -1 236 1372918
908 40 388 1372939
770 79 223 1372959
628 60 178 1372979
457 9 37 1372998
306 -38 -42 1373020
147 -61 -55 1373042
24 24 -154 1373062
-85 -61 103 1373084
-165 -10 103 1373107
-173 22 109 1373129
-88 42 42 1373148
-11 45 25 1373168
39 47 23 1373187
63 23 -23 1373206
73 24 -28 1373227
104 -5 -39 1373247
89 -5 -15 1373266
44 3 15 1373284
5 11 37 1373302
-13 18 21 1373322
7 27 17 1373340
32 33 3 1373357
92 43 6 1373375
160 30 22 1373394
150 -7 76 1373413
433 50 230 1373435
743 293 450 1373457
1109 16 365 1373478
1047 59 462 1373500
929 121 579 1373522
732 8 343 1373541
520 -32 159 1373563
353 -84 -25 1373585
228 -44 12 1373605
157 -85 51 1373627
57 -91 -36 1373647
-47 -105 37 1373669
-113 -36 70 1373691
-141 40 147 1373712
-117 75 95 1373733
-18 20 -77 1373753
48 34 -29 1373774
79 44 -2 1373791
92 34 -15 1373812
96 30 -18 1373831
94 33 -7 1373850
67 38 18 1373869
39 50 41 1373888
48 51 55 1373906
76 45 51 1373925
123 -8 9 1373944
169 -30 15 1373964
239 -40 133 1373986
534 81 338 1374006
781 -43 239 1374028
838 -199 159 1374051
648 84 521 1374071
461 25 526 1374092
288 -2 330 1374114
259 47 224 1374134
252 148 447 1374156
313 97 159 1374176
348 50 13 1374197
338 61 12 1374216
288 58 -3 1374236
211 45 9 1374254
142 26 12 1374274
82 38 41 1374292
6 86 93 1374309
26 12 26 1374328
27 -6 7 1374346
16 -4 0 1374364
24 2 27 1374382
53 25 56 1374401
114 15 72 1374420
194 8 98 1374439
280 65 141 1374459
406 -4 145 1374479
476 125 285 1374501
453 162 430 1374523
393 118 402 1374545
373 -24 203 1374566
386 46 116 1374587
308 50 140 1374609
239 20 96 1374628
128 28 91 1374648
80 64 112 1374667
134 -3 86 1374688
188 -18 26 1374708
238 -32 20 1374728
255 -28 24 1374749
254 -20 68 1374770
258 8 107 1374790
265 44 143 1374810
279 39 135 1374830
286 8 115 1374851
279 3 98 1374870
282 4 105 1374889
298 9 106 1374909
301 16 102 1374930
286 29 102 1374950
273 39 91 1374970
257 35 93 1374989
242 35 93 1375010
230 33 104 1375030
226 47 94 1375049
234 33 87 1375070
255 21 68 1375089
271 15 63 1375109
272 17 60 1375128
266 33 63 1375149
258 20 55 1375168
244 27 58 1375188
235 46 76 1375207
228 65 100 1375227
229 75 108 1375248
241 143 138 1375270
264 91 119 1375291
266 68 83 1375310
267 70 82 1375331
265 76 89 1375350
268 94 104 1375370
271 99 111 1375392
270 98 104 1375412
271 93 101 1375433
271 86 117 1375453
264 87 140 1375475
256 100 162 1375497
257 115 159 1375518
275 118 159 1375540
286 102 137 1375562
279 78 118 1375582
236 62 110 1375603
199 62 138 1375623
172 88 162 1375644
152 120 188 1375665
150 146 198 1375687
172 145 206 1375709
191 157 182 1375731
192 151 154 1375752
182 165 132 1375774
166 168 135 1375796
143 175 132 1375818
133 173 135 1375839
104 200 139 1375861
92 209 130 1375883
89 183 122 1375903
86 201 125 1375924
88 215 133 1375944
92 219 125 1375966
78 222 127 1375986
46 230 136 1376007
43 212 138 1376027
54 190 123 1376049
51 179 130 1376069
44 159 135 1376090
33 138 128 1376110
30 131 104 1376130
35 155 122 1376152
39 190 201 1376173
20 220 180 1376193
36 232 198 1376213
71 194 197 1376235
77 184 178 1376256
49 186 190 1376276
60 161 146 1376296
47 163 239 1376318
35 199 202 1376339
36 167 161 1376359
33 165 207 1376379
11 189 281 1376400
-42 282 220 1376422
28 65 321 1376442
4 138 263 1376461
8 138 249 1376481
-21 141 300 1376503
-3 132 217 1376524
5 122 192 1376544
20 108 177 1376564
27 122 201 1376585
16 122 253 1376605
3 97 245 1376624
-14 101 232 1376646
-122 161 362 1376669
-90 119 318 1376691
28 119 119 1376711
53 118 183 1376732
105 83 267 1376752
423 -97 761 1376774
101 -14 200 1376796
109 -55 188 1376817
-34 6 331 1376838
-56 58 297 1376858
-5 14 242 1376878
16 5 225 1376896
18 4 260 1376915
32 17 278 1376936
33 30 256 1376955
40 21 254 1376974
39 19 255 1376994
36 26 258 1377013
39 27 258 1377034
38 32 257 1377053
39 30 257 1377073
41 28 257 1377092
37 33 256 1377112
38 33 257 1377131
37 30 256 1377152
40 25 254 1377171
33 24 256 1377191
38 39 257 1377210
45 39 254 1377231
38 48 255 1377250
41 49 260 1377270
42 45 256 1377289
41 37 259 1377310
35 27 250 1377329
40 16 257 1377348
36 33 255 1377368
40 38 255 1377387
40 42 259 1377408
37 45 255 1377427
41 37 259 1377447
39 38 255 1377466
38 36 261 1377486
39 39 255 1377505
40 43 254 1377526
38 46 256 1377545
39 46 255 1377565
40 44 255 1377584
40 42 259 1377605
39 44 254 1377624
39 41 258 1377644
39 41 256 1377663
40 41 255 1377684
37 43 257 1377703
40 43 255 1377722
36 43 254 1377742
41 41 257 1377761
37 44 256 1377782
40 44 255 1377801
40 49 257 1377821
38 50 255 1377840
39 57 254 1377860
36 55 257 1377879
39 50 252 1377900
39 43 255 1377919
40 45 254 1377939
38 50 256 1377958
36 53 257 1377979
38 49 253 1377998
40 47 254 1378018
37 53 256 1378037
39 52 254 1378056
38 49 256 1378077
37 50 251 1378096
38 52 253 1378116
37 52 257 1378135
39 53 252 1378156
37 51 258 1378175
39 50 252 1378195
39 51 255 1378214
37 52 255 1378234
38 53 253 1378253
37 55 256 1378274
38 56 254 1378293
37 56 256 1378313
37 56 254 1378332
38 54 253 1378353
38 53 254 1378372
39 50 254 1378392
41 46 264 1378411
36 55 249 1378430
40 55 253 1378451
37 55 257 1378470
40 53 250 1378490
35 53 260 1378509
41 54 250 1378530
38 56 250 1378549
36 58 258 1378569
39 55 251 1378588
37 57 257 1378608
38 55 253 1378627
38 55 254 1378648
37 56 256 1378667
38 55 254 1378687
37 55 256 1378706
38 55 253 1378727
38 55 256 1378746
36 53 254 1378765
38 55 254 1378785
35 59 254 1378804
38 58 252 1378825
37 57 253 1378844
39 56 252 1378864
35 57 256 1378883
38 55 253 1378904
36 57 255 1378923
37 58 257 1378943
38 58 252 1378962
38 59 253 1378982
38 58 255 1379001
37 54 255 1379022
37 60 252 1379041
37 63 255 1379061
38 61 254 1379080
38 59 252 1379101
36 57 255 1379120
38 57 254 1379139
38 61 254 1379159
35 61 253 1379178
38 60 254 1379199
38 58 254 1379218
37 57 255 1379238
36 60 255 1379257
37 62 253 1379278
35 61 253 1379297
37 60 255 1379317
37 59 254 1379336
37 60 254 1379356
34 59 250 1379375
38 59 259 1379396
32 61 250 1379415
44 61 253 1379435
33 62 256 1379454
40 59 245 1379475
32 61 260 1379494
38 60 248 1379513
35 63 257 1379533
36 61 250 1379552
40 61 254 1379573
35 61 256 1379592
38 60 251 1379612
35 61 255 1379631
37 61 251 1379652
36 62 254 1379671
36 63 253 1379691
36 62 254 1379710
37 61 254 1379730
36 61 256 1379749
35 62 252 137977
